X1,Y1,X2,Y2,X3,Y3,X4,Y4
0.003,0.0398303704867986,0.003,0.0493804454744978,0.003,0,0.003,0
0.01,0.0423325406225164,0.01,0.0449153525436488,0.01,0,0.01,0
0.015,0.0450255671217384,0.015,0.0414325688808948,0.015,0,0.015,0
0.003,0.112498771892108,0.003,0.0455795458238234,0.003,0,0.003,0
0.015,0.118049363426273,0.015,0.0413305040196249,0.015,0,0.015,0
0.026,0.12488152319058,0.026,0.0380861824499196,0.026,0,0.026,0
0.036,0.133510981814932,0.036,0.0358885833921582,0.036,0,0.036,0
0.043,0.142383720804322,0.043,0.0352612351916168,0.043,0,0.008,0.0130603611267854
0.008,0.213165968968524,0.008,0.0417479653204887,0.008,0,0.026,0.0240967051052049
0.026,0.222924682656462,0.026,0.0377148546794894,0.026,0,0.041,0.0372182574977764
0.041,0.234761664880793,0.041,0.0347094474351583,0.041,0.00549137580346185,0.053,0.0528637334869584
0.053,0.248933391310315,0.053,0.0327965929763923,0.053,0.0163912287166683,0.051,0.0641901271371674
0.051,0.257803299527684,0.051,0.0324678707496755,0.051,0.0226656122496803,0.018,0.11229039540876
0.018,0.332984006256747,0.018,0.0378850680419917,0.018,0.0195830941710557,0.042,0.125477837600043
0.042,0.34709590386968,0.042,0.0340707045906124,0.042,0.0310853643905629,0.057,0.139874014135882
0.057,0.36253142006519,0.057,0.0313052124487789,0.057,0.0438763330758061,0.068,0.156320878323158
0.068,0.380071018811313,0.068,0.0296749175675194,0.068,0.058585685173519,0.076,0.172942334105379
0.076,0.397624267564551,0.076,0.0296467318992199,0.076,0.0734620046597908,0.06,0.216917865608639
0.06,0.47458688106946,0.06,0.0303977491685626,0.06,0.076842339775841,0.078,0.232224080997171
0.078,0.49292055650085,0.078,0.0278716193256539,0.078,0.0932822983079513,0.088,0.248488121619335
0.088,0.511808726591776,0.088,0.0265278323149762,0.038,0.0805665394347598,0.038,0.0315408482275935
0.038,0.231515558158153,0.038,0.040448558495675,0.023,0.0220393575210695,0.023,0
0.023,0.164154761134878,0.023,0.0415097476101938,0.049,0.0952033204244016,0.049,0.114970960733581
0.049,0.333381376031432,0.049,0.0375749896955974,0.039,0.0566920426858272,0.039,0.0813733592834839
0.039,0.290851007051361,0.039,0.0381183285000173,0.03,0.0162245838930155,0.03,0.0435509007100011
0.03,0.245358266152003,0.03,0.0371629754037839,0.008,0.00749251914001121,0.008,0
0.008,0.0401462137569567,0.008,0.0683861185158257,0.016,0.00828218237061073,0.016,0
0.016,0.0430455046335195,0.016,0.0657862957677605,0.022,0.00926407905069744,0.022,0
0.022,0.0462302289612955,0.022,0.0643412743536455,0.022,0,0.022,0
0.022,0.114390517107655,0.022,0.0641799080198573,0.034,0,0.034,0
0.034,0.121658907205757,0.034,0.0618105435185243,0.043,0.00514908200693255,0.043,0
0.043,0.129706538973613,0.043,0.060620689540352,0.047,0.0104434250178067,0.047,0
0.047,0.137994312122231,0.047,0.0608470949308936,0.051,0.0161692307951911,0.051,0
0.051,0.146749162406885,0.051,0.0627694491918195,0.053,0.00892647933018029,0.053,0.0215824726917408
0.053,0.219031853139994,0.053,0.0599330033408504,0.074,0.0209873059634214,0.074,0.0375239040835957
0.074,0.234477735306519,0.074,0.0577946628834139,0.08,0.0321552993008646,0.08,0.0526560340165838
0.08,0.248851321513898,0.08,0.0568598978205104,0.082,0.0435121079025544,0.082,0.0684884354925997
0.082,0.263531839976246,0.082,0.057391819525958,0.086,0.0558359256669608,0.086,0.0852638707230224
0.086,0.279188281036242,0.086,0.0596379628172668,0.098,0.0448361963266274,0.098,0.124560964854897
0.098,0.344670559582803,0.098,0.0556491555106743,0.124,0.0657292094088176,0.124,0.145206228787853
0.124,0.368930584213186,0.124,0.053741012404949,0.127,0.0837311907729218,0.127,0.163377058613687
0.127,0.389877874016403,0.127,0.0530615121176951,0.124,0.100636270974086,0.124,0.18107014846377
0.124,0.409627093685951,0.124,0.0538981857833596,0.124,0.117732006603611,0.124,0.198909080248611
0.124,0.429381232038711,0.124,0.0564651285181469,0.149,0.0929368955913347,0.149,0.217914647224007
0.149,0.474684673918374,0.149,0.0513292968927901,0.174,0.119835652732087,0.174,0.240171623097815
0.174,0.503781139045366,0.174,0.0496557405653901,0.174,0.142615253857637,0.174,0.259534085011961
0.174,0.528350656291825,0.174,0.0492298137730034,0.17,0.164354638517495,0.17,0.278662963538613
0.17,0.551721443418641,0.17,0.050368650255054,0.106,0.116860993381315,0.106,0.0566918958021765
0.106,0.256913418794486,0.106,0.0611858225736487,0.06,0.0443869079555261,0.06,0
0.06,0.174029838571947,0.06,0.0622460094057923,0.143,0.139062585400298,0.143,0.142742787405728
0.143,0.36560906019903,0.143,0.0578937713663247,0.116,0.0921261246554861,0.116,0.103444593594063
0.116,0.31431159001921,0.116,0.058441076596214,0.086,0.0436219566569831,0.086,0.0594519101656595
0.086,0.260171185571642,0.086,0.0572453834577185,0.011,0.0195610176129912,0.011,0
0.011,0.0403493572333238,0.011,0.0865112062677849,0.02,0.0205261553571047,0.02,0
0.02,0.0435229584257932,0.02,0.0854374429087476,0.025,0.0215245157434586,0.025,0
0.025,0.0467837039819072,0.025,0.0856654067075826,0.032,0.00892274407893712,0.032,0
0.032,0.115479648832858,0.032,0.0819510519886152,0.043,0.0141428143228866,0.043,0
0.043,0.123549007662046,0.043,0.0811189597933703,0.051,0.0198800680653122,0.051,0
0.051,0.132240027553438,0.051,0.0816174607611728,0.054,0.0255780907099577,0.054,0
0.054,0.141056811097757,0.054,0.0838471069091064,0.058,0.031957335569969,0.058,0
0.058,0.150632648187334,0.058,0.0878868342946382,0.08,0.0255760265251005,0.08,0.0282068959708145
0.08,0.222799683045998,0.08,0.077341583220507,0.099,0.040022680837948,0.099,0.0464393646376512
0.099,0.240976092982044,0.099,0.0767541004183999,0.101,0.0526525838377374,0.101,0.0628645265778684
0.101,0.257013577231486,0.101,0.0775236567949124,0.099,0.0649932871001769,0.099,0.0794725434917559
0.099,0.272812499175513,0.099,0.0800753227163819,0.1,0.0777131394533636,0.1,0.0964317641106176
0.1,0.288918436234794,0.1,0.0844640045382875,0.153,0.0664853514775898,0.153,0.134258837910094
0.153,0.353109116488283,0.153,0.0726877156936955,0.17,0.0916417081180097,0.17,0.158096302335085
0.17,0.381920536707103,0.17,0.0723428586653526,0.165,0.112326927032556,0.165,0.178090454244351
0.165,0.405666975578144,0.165,0.0733813411801526,0.155,0.131032178209088,0.155,0.196875129866638
0.155,0.427248363243245,0.155,0.0762559317786946,0.151,0.1494110103778,0.151,0.21538366976374
0.151,0.448259801270281,0.151,0.0809865398174811,0.227,0.118896686983169,0.227,0.22945257255781
0.227,0.486711156451844,0.227,0.0679907182736859,0.24,0.15181414348572,0.24,0.255663835345607
0.24,0.521808781012138,0.24,0.0678896080372261,0.23,0.178245671008287,0.23,0.277293042091562
0.23,0.54988490369113,0.23,0.0691971797015125,0.213,0.20060496325681,0.213,0.29665126071993
0.213,0.5736933701976,0.213,0.0723969329945525,0.143,0.143117022266294,0.143,0.0728384887775784
0.143,0.272258614424811,0.143,0.0807860186384704,0.078,0.0615743526032025,0.078,0
0.078,0.179339926827914,0.078,0.0818312852136733,0.198,0.170793332409822,0.198,0.160737364995285
0.198,0.385496825294295,0.198,0.0771180594000525,0.158,0.1180100972156,0.158,0.117577606989499
0.158,0.328174397123452,0.158,0.0776581822976396,0.117,0.064741233801018,0.117,0.0700981060563864
0.117,0.268957441806669,0.117,0.0762137655586414,0.012,0.0308940228891686,0.012,0
0.012,0.0404515947179637,0.012,0.104610433641465,0.021,0.0318795132176231,0.021,0
0.021,0.0437007204488369,0.021,0.104766444275392,0.028,0.0331540326464346,0.028,0
0.028,0.0473615422934722,0.028,0.106357760488633,0.038,0.0219238930473707,0.038,0
0.038,0.116279277670208,0.038,0.0997281027143162,0.049,0.0276111580858801,0.049,0
0.049,0.124947616121201,0.049,0.100140359488552,0.054,0.0332383240485786,0.054,0
0.054,0.133553980362376,0.054,0.102016692509032,0.057,0.0392839554712487,0.057,0
0.057,0.142834340804671,0.057,0.105897325825047,0.062,0.0463335949694467,0.062,0
0.062,0.153250479351786,0.062,0.111703215094835,0.102,0.0417524607918999,0.102,0.0346195431432806
0.111,0.244840102662221,0.102,0.0947918639019526,0.111,0.0567322244746997,0.111,0.0533145389129072
0.111,0.261915196159702,0.111,0.0954576230219989,0.111,0.0702616078820137,0.111,0.0705268905760859
0.107,0.278366225882556,0.111,0.0976194947417196,0.107,0.0831605897825966,0.107,0.0875618992803379
0.19,0.359331406538244,0.107,0.101841393499504,0.19,0.0864604050734989,0.19,0.142508099509731
0.198,0.390893478246592,0.19,0.0898031576727178,0.198,0.114207758363759,0.198,0.168213735771597
0.19,0.41721576422394,0.198,0.0907234428169765,0.19,0.137359454221493,0.19,0.189898312616027
0.173,0.439164159838894,0.19,0.0931680533360719,0.173,0.156458907981734,0.173,0.208778102401388
0.169,0.462809888690318,0.173,0.0977283941905121,0.169,0.17741546793684,0.169,0.228961379963379
0.277,0.49528813437538,0.169,0.104256928262666,0.277,0.142260028385552,0.277,0.23886653916646
0.283,0.534626906544138,0.277,0.0847648255884521,0.283,0.179469897632697,0.283,0.267855971455758
0.266,0.565127165817386,0.283,0.0859400582210812,0.266,0.208457169818783,0.266,0.291054353498013
0.248,0.592727050950829,0.266,0.0886663624372821,0.248,0.234793679536333,0.248,0.312929017734915
0.166,0.283500739120231,0.248,0.09356115965929,0.166,0.165416603278591,0.166,0.0856102493334684
0.087,0.1826898350394,0.166,0.102695000407405,0.087,0.0767297462749589,0.087,0
0.236,0.401204252283892,0.087,0.101170358720652,0.236,0.198731273038935,0.236,0.175717463667809
0.187,0.339058895494614,0.236,0.0961288192265146,0.187,0.141219570964039,0.187,0.129527244409206
0.133,0.274450260652401,0.187,0.0966545374364258,0.133,0.0829300301837807,0.133,0.07820747823119
0.014,0.0406167929105389,0.133,0.0949338966815689,0.014,0.0452999375190684,0.014,0
0.022,0.043909118661413,0.014,0.128554523434456,0.022,0.0462697848289853,0.022,0
0.031,0.0479743000539232,0.022,0.129719367495476,0.031,0.0478129206100021,0.031,0
0.043,0.117110363610517,0.031,0.132475169327632,0.043,0.0390158308644018,0.043,0
0.054,0.126431291325786,0.043,0.123308390156338,0.054,0.0452049255714971,0.054,0
0.057,0.135183825136833,0.054,0.124746816245622,0.057,0.050905949230201,0.057,0
0.059,0.144643073538533,0.057,0.12780525782674,0.059,0.0570451506210747,0.059,0
0.064,0.155540474822852,0.059,0.133151692417763,0.064,0.0644448936288931,0.064,0
0.124,0.249571773397519,0.064,0.140572103247053,0.124,0.0793427832805856,0.124,0.0629193665203247
0.123,0.268422939392893,0.124,0.119709924103258,0.123,0.0944254871879116,0.123,0.0814954737079095
0.118,0.286522771110347,0.123,0.12306867919059,0.118,0.108774060675218,0.118,0.0997173950060707
0.117,0.30503156920103,0.118,0.12877532418161,0.117,0.12361431711484,0.117,0.118276049952261
0.225,0.366493026207702,0.117,0.136577929727936,0.225,0.113530293047765,0.225,0.153441638915978
0.225,0.40118526995077,0.225,0.112630816174115,0.225,0.14424013505253,0.225,0.181235637974003
0.212,0.429865662694142,0.225,0.11460841632876,0.212,0.169672984169423,0.212,0.204398836837191
0.196,0.455852589861013,0.212,0.118265976948147,0.196,0.1926849351319,0.196,0.225906489928738
0.192,0.482856128564984,0.196,0.124327817039462,0.192,0.216986476762678,0.192,0.248174087132596
0.323,0.505051553771458,0.192,0.132510127837285,0.323,0.174065581425511,0.323,0.251078038208924
0.331,0.550445654055795,0.323,0.107206472248187,0.331,0.217431845366511,0.331,0.284045047212649
0.291,0.617324922643779,0.331,0.109452192088861,0.309,0.25077789119989,0.309,0.309964424022657
0.191,0.297727538082666,0.309,0.113401984552363,0.291,0.282090770979765,0.291,0.334963085612373
0.096,0.186863528697918,0.291,0.119815156391913,0.191,0.19447579384153,0.191,0.102703869399596
0.272,0.418692375986295,0.191,0.128322389249855,0.096,0.0966408244892109,0.096,0.00722372009050615
0.212,0.350398927944582,0.096,0.126307936931649,0.272,0.233545136977357,0.272,0.193819343608704
0.15,0.281215250582489,0.272,0.120908827682083,0.212,0.169999257397987,0.212,0.14372489511176
0.015,0.0407599451912196,0.212,0.121395344217557,0.15,0.107389224916706,0.15,0.0893340712878413
0.024,0.0442858303420939,0.15,0.119224043400897,0.015,0.058619678957027,0.015,0
0.034,0.0486716156935643,0.015,0.15026133647024,0.024,0.0597281374341949,0.024,0
0.046,0.117941040606788,0.024,0.151092349747466,0.034,0.0614779489392283,0.034,0
0.057,0.127829354227101,0.034,0.153618997948776,0.046,0.0564932881830831,0.046,0
0.061,0.137418715760912,0.046,0.144812576369719,0.057,0.0631161425518356,0.057,0
0.067,0.149089904420772,0.057,0.145935659847173,0.061,0.0694793086544156,0.061,0
0.068,0.159283730750344,0.061,0.148779440346098,0.067,0.077449057593043,0.067,0
0.131,0.232489017471254,0.067,0.154022572457137,0.068,0.084200805126187,0.068,0
0.133,0.254468806087504,0.068,0.161497935116033,0.131,0.0863353294600979,0.131,0.0534563445617618
0.13,0.274576993289528,0.131,0.13929504890926,0.133,0.104067079897472,0.133,0.0746625289694674
0.129,0.296298382571082,0.133,0.140701679022643,0.13,0.12024930435257,0.13,0.0941315102401383
0.126,0.31579198804588,0.13,0.143858249518895,0.129,0.137832612397709,0.129,0.115095397897436
0.247,0.373027199720982,0.129,0.149474414650781,0.126,0.153561400689003,0.126,0.134167573488811
0.25,0.412596333460664,0.126,0.157343110300739,0.247,0.143638022413695,0.247,0.165908732921005
0.237,0.445493816211469,0.247,0.133711999427703,0.25,0.178967269080123,0.25,0.197019297341563
0.222,0.476069869968872,0.25,0.135399292537485,0.237,0.208492707077977,0.237,0.222912589740602
0.217,0.506066624634271,0.237,0.138864100154268,0.222,0.23603723857703,0.222,0.247333788092532
0.359,0.515227753136827,0.222,0.14484804198689,0.217,0.263430053580104,0.359,0.265582620509592
0.375,0.567672696925499,0.217,0.153107017823403,0.359,0.211569162487627,0.375,0.303182954532506
0.36,0.609173926371364,0.359,0.128064423410425,0.375,0.262171589767778,0.36,0.333681747196473
0.225,0.318232431451696,0.375,0.13002955030583,0.36,0.302777050246485,0.345,0.362944758889004
0.106,0.191926131725839,0.36,0.13379719849725,0.225,0.22966954984815,0.225,0.126575978069834
0.328,0.444469047928026,0.345,0.140137565602966,0.106,0.117706906142714,0.106,0.019436089635498
0.247,0.366424735427335,0.225,0.150990372394647,0.328,0.278318208968331,0.328,0.219602447482504
0.167,0.28909329614919,0.106,0.148272204915344,0.247,0.205103279859996,0.247,0.16335116354111
0.016,0.040903864194958,0.328,0.142694235873792,0.167,0.134819533794646,0.167,0.103343527585292
0.025,0.0445280283630467,0.247,0.143091475509641,0.016,0.0654727989808134,0.016,0
0.035,0.04904251770221,0.167,0.140299808983582,0.025,0.0666354881452667,0.025,0
0.048,0.118642202986927,0.016,0.157467117097489,0.035,0.0684628651066119,0.035,0
0.058,0.128909423879673,0.025,0.156183344790795,0.048,0.068302228996591,0.048,0
0.063,0.139155250222593,0.035,0.156584285058557,0.058,0.0752217657470533,0.058,0
0.065,0.149983121926886,0.048,0.152174071593637,0.063,0.0821183418941781,0.063,0
0.071,0.162719283671498,0.058,0.151190111041173,0.065,0.0893443707672663,0.065,0
0.135,0.234720374992815,0.063,0.151913384928617,0.071,0.0982417394956582,0.071,0.00988379283805287
0.137,0.258202322568271,0.065,0.154866036836303,0.135,0.10423546825054,0.135,0.0635547730946567
0.134,0.27963558039978,0.071,0.16014496261648,0.137,0.123287919881402,0.137,0.0859348527995289
0.134,0.303470025465727,0.135,0.146813073593683,0.134,0.140651161257241,0.134,0.106357298395707
0.132,0.325147234514797,0.137,0.146119628593878,0.134,0.160142675099474,0.134,0.128819568095372
0.262,0.379036263056122,0.134,0.147156379263429,0.132,0.177868677542232,0.132,0.149355626885556
0.267,0.42249656456794,0.134,0.150473098718748,0.262,0.169948228960086,0.262,0.178503991387865
0.258,0.460099028062187,0.132,0.156136788701095,0.267,0.20901063951691,0.267,0.212193619530806
0.249,0.497497319510036,0.262,0.141381717139821,0.258,0.243145437140792,0.258,0.241129174853814
0.241,0.530137335649805,0.267,0.14097364362773,0.249,0.277480906978304,0.249,0.269956476740454
0.384,0.524518559292875,0.258,0.142314213701462,0.241,0.307720592007115,0.241,0.295506884387817
0.393,0.675377926991196,0.249,0.145983414051211,0.384,0.246168129301031,0.384,0.280014849989826
0.242,0.33421439779039,0.241,0.152018503434613,0.412,0.303715201436984,0.412,0.32200273956329
0.354,0.462950862344596,0.384,0.135884371784156,0.401,0.350219597906148,0.401,0.356194584130109
0.264,0.378157380185193,0.412,0.135755318780333,0.242,0.255337991244315,0.393,0.390071979723716
0.171,0.294026276460713,0.401,0.137395023053013,0.108,0.13193757047788,0.242,0.14712012619265
0.016,0.0409689748078626,0.393,0.141410811384755,0.354,0.311846733239775,0.108,0.0307853155470556
0.026,0.0447320924253709,0.242,0.157883484509239,0.264,0.231827756591186,0.354,0.240575440067262
0.034,0.0490187696864833,0.108,0.154383051454182,0.171,0.15513938923285,0.264,0.180162327719486
0.05,0.11923267424976,0.354,0.149014916504584,0.016,0.066079870788562,0.171,0.115449925316014
0.06,0.1298770090907,0.264,0.149275748238178,0.026,0.0673513057430204,0.016,0
0.065,0.140551285332609,0.171,0.145838544882464,0.034,0.0689960179888111,0.026,0
0.07,0.152917204303539,0.016,0.151879319694915,0.05,0.0730263853665043,0.034,0
0.073,0.165146722561195,0.026,0.148247881572147,0.06,0.0802644478795229,0.05,0
0.146,0.261956074941824,0.034,0.146234436784873,0.065,0.0875254592703344,0.06,0
0.145,0.285970471626817,0.05,0.146931323005431,0.07,0.0960654449697486,0.065,0
0.145,0.311960630313008,0.06,0.143602559958653,0.073,0.104536727253672,0.07,0.00318063749053474
0.276,0.383709095257913,0.065,0.141905477875132,0.146,0.134783307751669,0.073,0.0180411878539692
0.29,0.431979548523893,0.07,0.142169899243632,0.145,0.154481507876737,0.146,0.095173641606757
0.278,0.472449698765721,0.073,0.144790622224418,0.145,0.175969386610079,0.145,0.117576074336028
0.274,0.514708736607668,0.146,0.138884964157424,0.276,0.186520102146317,0.145,0.141524829168332
0.261,0.548381703847487,0.145,0.137491186236453,0.29,0.23021388190963,0.276,0.188049274256896
0.4,0.531009776816706,0.145,0.138101173998045,0.278,0.267246496147333,0.29,0.224978442302284
0.445,0.596124897083007,0.276,0.136844617342302,0.274,0.306544268539426,0.278,0.255692124920184
0.265,0.349997691140622,0.29,0.134087668289646,0.261,0.338047542390469,0.274,0.287607180337398
0.115,0.199365694429529,0.278,0.132986156330255,0.4,0.268862137719481,0.261,0.313670064222171
0.384,0.479694459540942,0.274,0.133933119310551,0.445,0.332681513919643,0.4,0.290501133756908
0.281,0.387822104058472,0.261,0.137257635395771,0.444,0.385617866686929,0.445,0.336465792213712
0.183,0.299914076144691,0.4,0.131700919621402,0.265,0.273978109224637,0.444,0.374737380072075
0.017,0.0410321589611901,0.445,0.129219474526476,0.115,0.139506837116477,0.265,0.16526516660972
0.027,0.0448613613205096,0.444,0.128406072031222,0.384,0.336110054821862,0.115,0.0403778536767049
0.054,0.119831008991167,0.265,0.151511478191467,0.281,0.248943446111396,0.384,0.25818977971132
0.062,0.130478328434687,0.115,0.147432829891187,0.183,0.168585365461169,0.281,0.193332471489829
0.071,0.153772026845092,0.384,0.142470491584527,0.017,0.0655085457526051,0.183,0.126263885200621
0.076,0.166957183841052,0.281,0.142602796872317,0.027,0.066835168953519,0.017,0
0.141,0.2369993548707,0.183,0.138712103459538,0.054,0.0742336067343846,0.027,0
0.145,0.262538504530888,0.017,0.147854744090718,0.062,0.081479807421494,0.054,0
0.143,0.286361904480535,0.027,0.143325284196373,0.071,0.097507019609115,0.062,0
0.145,0.313306142081178,0.054,0.143069051847583,0.076,0.106805979918219,0.071,0.00606025650936168
0.145,0.338734074445017,0.062,0.138840523865506,0.141,0.116543772364204,0.076,0.0217846998000603
0.282,0.385318103146793,0.071,0.135425026821631,0.145,0.137439460289166,0.141,0.0737700163597468
0.288,0.432784458251094,0.076,0.13700870224197,0.143,0.156972221460046,0.145,0.0977763653596769
0.28,0.474638347524394,0.141,0.138222032523824,0.145,0.179330031822838,0.143,0.119991042288677
0.277,0.517943709873427,0.145,0.134285302471032,0.145,0.200552094550401,0.145,0.144661251150734
0.405,0.532945655023543,0.143,0.131952907616934,0.282,0.191647695706158,0.145,0.167793230730221
0.447,0.598926518027923,0.145,0.131508180918163,0.288,0.234606848122219,0.282,0.19135743372654
0.262,0.351571251894706,0.145,0.133431584742359,0.28,0.272990999826099,0.288,0.227660393386889
0.114,0.19993523345053,0.282,0.133311225826609,0.277,0.313358197007539,0.28,0.259296828736971
0.389,0.483939011958809,0.288,0.12965380961659,0.405,0.275904276423539,0.277,0.291870833005318
0.283,0.39025777232551,0.28,0.127610980403565,0.447,0.34065859747997,0.405,0.293925731396795
0.1321,0.236048210047376,0.277,0.127496276085041,0.453,0.396323431396191,0.447,0.34046335010382
0.0758,0.063389971039983,0.405,0.128333667848553,0.262,0.276116315443095,0.453,0.380488346385329
0.107,0.112075471067852,0.447,0.124946776598836,0.114,0.14070009528732,0.262,0.16856784601393
0.2171,0.18483908636162,0.453,0.123179875956978,0.389,0.34234672366894,0.114,0.0430056967008564
0.3297,0.2602061871103,0.262,0.147163916691056,0.283,0.253342498237102,0.389,0.263213684472321
0.05153,0.0477239132818828,0.114,0.142888522848876,0.0758,0.0657048892371534,0.283,0.197224605273143
0.0708,0.0682587205679456,0.389,0.138112382770462,0.107,0.0811505015437206,0.0758,0
0.1139,0.122476997363846,0.283,0.1381944552468,0.2171,0.114895491236294,0.107,0
0.2149,0.208399404327592,0.0758,0.127939943624875,0.3297,0.156041317819316,0.2171,0.0528413824383328
0.351,0.286812522984996,0.107,0.126788837371773,0.05153,0.0628323279796068,0.3297,0.11903725354141
0.0525,0.0538983568207187,0.2171,0.125500504882769,0.0708,0.0683727108049086,0.05153,0
0.06515,0.0789695480337218,0.3297,0.124356110759291,0.1139,0.0886837283857873,0.0708,0
0.1127,0.14115893584286,0.05153,0.115517938927258,0.2149,0.13309062383081,0.1139,0.00575731482558174
0.2495,0.261022970266798,0.0708,0.115094738350471,0.351,0.18253828255323,0.2149,0.0853755156646524
0.06713,0.0787331673370177,0.1139,0.114174107218411,0.0525,0.0651859517267935,0.351,0.152275316428153
0.07973,0.111708156957414,0.2149,0.113099203109602,0.06515,0.0731904420774652,0.0525,0
0.1485,0.213319449385728,0.351,0.11236292565485,0.1127,0.101773867886021,0.06515,0
0.3055,0.411552061979511,0.0525,0.0936353003716155,0.2495,0.176291176227905,0.1127,0.0467103976464882
0.06883,0.244987519731007,0.06515,0.0934094567270855,0.06713,0.0763524881398892,0.2495,0.154522159049868
0.01333,0.115309464682472,0.1127,0.0929910119501452,0.07973,0.0920522044173806,0.1485,0.186715490329673
0.02011,0.171043791848159,0.2495,0.0924637910818123,0.1485,0.156842814487004,0.3055,0.344224521857913
0.02467,0.0624611383184141,0.07973,0.0676499505466087,0.06883,0.0793215646387583,0.06883,0.121455224913995
0.02807,0.108637110389259,0.1485,0.068603904934004,0.01333,0,0.01333,0.0125220440022075
0.03423,0.0660669886177229,0.3055,0.0698188591508958,0.02011,0.00726352268415237,0.02011,0.0638958519779839
0.04633,0.123435037172675,0.06883,0.0185754636495358,0.06101,0.0558416025407902,0.06101,0.109963103951487
0.04945,0.141572447127516,0.01333,0.0177524356787841,0.02467,0,0.02467,0
0.02027,0.327411769855137,0.02011,0.0205081797938444,0.02807,0,0.02807,0.0193887356240977
0.03997,0.446935798091176,0.06101,0.0227113260866312,0.03423,0,0.03423,0.0104965495390937
0.06555,0.0718569252066543,0.02467,0.0219446816824759,0.04633,0,0.04633,0.0598431474573811
0.06913,0.111499331972804,0.02807,0.0256180685536104,0.04945,0,0.04945,0.0766211347155844
0.08587,0.156476644043381,0.03423,0.0432027476497019,0.02027,0.248406734447813,0.02027,0.223727589514528
0.06621,0.218777275004278,0.04633,0.0494670259429589,0.06555,0.00380431853195386,0.03997,0.30922601991169
0.1171,0.333458563152071,0.04945,0.0511783193718579,0.06913,0.0696696608543469,0.06555,0.0130883365410121
0.1321,0.423239621789192,0.02027,0.0501349874717859,0.08587,0.160884243803812,0.06913,0.0469534229412899
0.1002,0.0752962316085893,0.03997,0.0737343381089556,0.06621,0.260782534378206,0.08587,0.0883110187914618
0.09593,0.164971414504334,0.06555,0.000189427831180796,0.1171,0.257580092782961,0.06621,0.14416575128962
0.1026,0.225062304227645,0.06913,0.0141004469572418,0.1321,0.128439684059106,0.1171,0.236873939242446
0.2021,0.403824360372792,0.08587,0.0274247255964518,0.1002,0.00594738626867515,0.1321,0.301504680333224
0.1248,0.0825600947829576,0.06621,0.043678251258482,0.09593,0.172132943141074,0.1002,0.0304938121531032
0.1246,0.12513897978824,0.1171,0.0691722136978876,0.1026,0.268233919522798,0.09593,0.110796518358248
0.1408,0.171691993116094,0.1321,0.0876215537040657,0.2021,0.194548546016825,0.1026,0.164278533473368
0.1945,0.363331208908634,0.1002,0.0288258317281539,0.1248,0.0109403663397935,0.2021,0.302600955042353
0.1746,0.16168295088101,0.09593,0.0591393311316535,0.1246,0.0797149417025175,0.1248,0.066726087706025
0.1817,0.216643935657385,0.1026,0.0753949591368863,0.1408,0.172179720314374,0.1246,0.104465535589158
0.1942,0.305540005813007,0.2021,0.11561809434417,0.1484,0.285641110538547,0.1408,0.147300226363587
0.0959,0.0592528183556576,0.1248,0.0925974010837109,0.1945,0.298139194764772,0.1484,0.207476978689028
0.1179,0.106280828154831,0.1246,0.109460460165904,0.1746,0.116199163155201,0.1945,0.303836736716207
0.1653,0.160537851582623,0.1408,0.124863628929797,0.1817,0.223845542210982,0.1746,0.22942458971934
0.2375,0.25108186996524,0.1484,0.144970842932458,0.1942,0.36113271710054,0.1817,0.278595100249751
0.2922,0.302544263006938,0.1945,0.175717168830852,0.0959,0.0439734454972413,0.1942,0.351495036025373
0.372,0.456926261080699,0.1746,0.333401234711074,0.1179,0.189789688559989,0.0959,0.0591018947616297
0.4867,0.57834301571741,0.1817,0.35314283603859,0.1653,0.350568971939795,0.1179,0.0977404224113199
0.367,0.333072945747428,0.1942,0.381208075843796,0.2375,0.427845301066553,0.1653,0.147703569679589
0.544,0.574778210487652,0.0959,0.0586593203544165,0.2922,0.366101542819526,0.2375,0.227442582463907
0.1845,0.0848420004640247,0.1179,0.0936625325737996,0.372,0.152185444502817,0.2922,0.268979127776998
0.2655,0.152568961588656,0.1653,0.125690261111324,0.4867,0.369819590020404,0.372,0.380108446952229
0.4288,0.295068865254125,0.2375,0.169598640766946,0.2275,0.371334717237535,0.4867,0.45954578625981
0.6118,0.547537015981808,0.2922,0.191205934567939,0.3107,0.461592723706045,0.2275,0.196463092914383
0.0196,0.200709903269325,0.372,0.250722122465838,0.367,0.392202586239858,0.3107,0.26326299059743
0.223,0.379434217590138,0.4867,0.293733083765707,0.544,0.311279676276177,0.367,0.325024911059695
0.3653,0.556130849489144,0.2275,0.212604901407298,0.1845,0.0593860409905627,0.544,0.489250099011002
0.4883,0.710038951915283,0.3107,0.249221914553018,0.2655,0.226376993916156,0.1845,0.208664597488896
0.08127,0.0477070172597298,0.367,0.282873798138642,0.4288,0.525152373703318,0.2655,0.270188981005148
0.1049,0.0726903323475178,0.544,0.375025067130137,0.6118,0.323529924358985,0.4288,0.392877395462778
0.1428,0.134690587369616,0.1845,0.393690773488013,0.0196,0.547371772779759,0.6118,0.567852483617772
0.2349,0.209133363551802,0.2655,0.435193934851089,0.223,0.347344653561202,0.0196,0.226262788621068
0.3902,0.394283767769828,0.4288,0.499701817687617,0.3653,0.643857368283609,0.223,0.36969193099431
0.5154,0.550328844005075,0.6118,0.598666876722408,0.08127,0.108007586006228,0.3653,0.488949437765737
0.1301,0.0739412907101506,0.0196,0.215630590050249,0.1049,0.236927169223002,0.08127,0.102162952250843
0.2258,0.141447856132672,0.223,0.335820672628238,0.1428,0.509645826870812,0.1049,0.120037828961139
0.5103,0.4155573591788,0.3653,0.427458842772718,0.2349,0.554285098601055,0.1428,0.175681503577606
0.5967,0.57262363077731,0.08127,0.0675300333296682,0.3902,0.365021240991857,0.2349,0.244092753465988
0.2113,0.085164455448734,0.1049,0.103944047417534,0.5154,0.64561246165993,0.3902,0.390443046732636
0.3337,0.155314736860352,0.1428,0.174993024617691,0.5936,0.509557698962038,0.5154,0.495061375570908
0.4362,0.235848864736748,0.2349,0.240529089278675,0.1301,0.225106901678341,0.5936,0.593463489339515
0.6073,0.440083981242209,0.3902,0.36408030647715,0.2258,0.51557029650945,0.1301,0.138579447621463
0.7292,0.608886028858476,0.5154,0.446032507430904,0.3427,0.573996220099753,0.2258,0.199512276103031
0.7863,0.715978307339444,0.5936,0.509663741552381,0.5103,0.391032492902758,0.3427,0.267969158379021
0.4769,0.206655137366938,0.1301,0.13680073305364,0.5967,0.668206244126331,0.5103,0.422484185200005
0.5516,0.308445838978128,0.2258,0.212304998646003,0.6697,0.543027824554248,0.5967,0.526020071284807
0.69,0.511275057894672,0.3427,0.276662180529907,0.2113,0.240234916454493,0.6697,0.605981176030223
0.8253,0.730216019930215,0.5103,0.408564106502317,0.3337,0.52392945644761,0.2113,0.183565959369104
0.5745,0.249335956565943,0.5967,0.492001488893976,0.4362,0.60723158115221,0.3337,0.248011610942722
0.647,0.365236473323688,0.6697,0.546188391088593,0.6073,0.421384190959919,0.4362,0.320177109820124
0.766,0.572669620464399,0.2113,0.213351288092861,0.7292,0.707281473380457,0.6073,0.474076474961711
0.87,0.738269879966485,0.3337,0.285869713679578,0.7863,0.584307077408171,0.7292,0.582931969262847
0.7072,0.423524008419024,0.4362,0.352205218220225,0.4769,0.57181091331413,0.7863,0.650875761908435
0.8148,0.634199969469275,0.6073,0.485546270726162,0.5516,0.69172076375715,0.4769,0.397157133101385
0.8679,0.732786207090471,0.7292,0.576597118760395,0.69,0.520253417347808,0.5516,0.481074517057187
0.7877,0.614369661406121,0.7863,0.625459424576367,0.8253,0.759895168601129,0.69,0.621050006838759
0.85,0.738204958343255,0.4769,0.496981534075546,0.5745,0.617028203061724,0.8253,0.755604569976759
0.01942,0.17652382345269,0.5516,0.56765185997715,0.647,0.751248121022396,0.5745,0.489912550676528
0.2443,0.278877406077962,0.69,0.687363707179984,0.766,0.598524307006828,0.647,0.57921597776829
0.5465,0.497531048331926,0.8253,0.803302173472723,0.87,0.848061658463173,0.766,0.714545224229333
0.6465,0.671286149905613,0.5745,0.607548954257721,0.7072,0.830318571862785,0.87,0.81444006187387
0.754,0.812423651506472,0.647,0.675258608479894,0.8148,0.689734762861081,0.7072,0.671947772723498
0.1485,0.0358026229427984,0.766,0.785773091143471,0.7877,0.859771739186098,0.8148,0.803759919427018
0.2329,0.0644409439108522,0.7072,0.759825666660632,0.01942,0.536196421166607,0.8679,0.862561505951611
0.2728,0.0961531701500334,0.8148,0.85055980812955,0.2443,0.524150603558242,0.01942,0.316887439698857
0.355,0.174238450125679,0.8679,0.894017352072967,0.5465,0.690238539660614,0.2443,0.407333600064071
0.4679,0.287591197965106,0.85,0.822757971803223,0.6465,0.726149929343048,0.5465,0.566098691899117
0.6577,0.509756434413595,0.01942,0.405212361610761,0.1485,0.159919288242079,0.6465,0.676538304040197
0.838,0.811848231868031,0.2443,0.507480323171057,0.2329,0.314662629096085,0.754,0.768294495633432
0.1759,0.0378886172668819,0.5465,0.662698939944171,0.2728,0.456251252224465,0.1485,0.203265035722041
0.2548,0.06790676613356,0.6465,0.742311898592608,0.355,0.550756980041963,0.2329,0.222888426391321
0.3275,0.101595274677423,0.2329,0.250215984847752,0.4679,0.535398522321302,0.2728,0.25083144813472
0.5923,0.304981463090294,0.2728,0.306253442360176,0.6577,0.698572336139768,0.355,0.3256731625736
0.8817,0.813029847422422,0.355,0.412985845496504,0.7787,0.705336325829759,0.4679,0.425261945398508
0.354,0.075135403468068,0.4679,0.527163922702396,0.838,0.7809969280403,0.6577,0.584434290705136
0.449,0.112864279481911,0.6577,0.685144390382447,0.1759,0.157592563209438,0.7787,0.684049092570434
0.592,0.217044531253141,0.7787,0.759817793986715,0.2548,0.312672047655391,0.838,0.776599084060141
0.6833,0.336703229659572,0.838,0.776473925905705,0.3275,0.458766714604117,0.1759,0.223059217599614
0.7978,0.548889825551803,0.1759,0.213493036035391,0.4803,0.564221690359472,0.2548,0.244308585079589
0.8602,0.71080652783238,0.2548,0.276458527961123,0.5923,0.556958608836241,0.3275,0.274465251094892
0.891,0.820193291642044,0.3275,0.333481129015604,0.818,0.750137605668387,0.4803,0.356713108780724
0.5333,0.151193896239451,0.4803,0.445861924252855,0.8817,0.808606825817022,0.5923,0.457300382403811
0.6329,0.223041581099276,0.5923,0.56072286308946,0.354,0.305622703483155,0.818,0.715454151273101
0.722,0.292435237015585,0.818,0.79730017119801,0.449,0.460151524965372,0.8817,0.792010301013796
0.7693,0.422882479213358,0.8817,0.810781153928343,0.592,0.591348144330087,0.354,0.287557649157917
0.8753,0.624599438132675,0.354,0.324225307930661,0.6833,0.597349066552434,0.449,0.322182951799457
0.9067,0.760399899309293,0.449,0.382118017004882,0.7978,0.758212011570187,0.592,0.41999785129546
0.9393,0.845923090810652,0.592,0.507981721302263,0.8602,0.766199814134732,0.6833,0.517952707864426
0.5725,0.184447008804023,0.6833,0.619370640254325,0.891,0.847066893512175,0.7978,0.661328079529274
0.785,0.328055743700914,0.7978,0.771560481441738,0.5333,0.496489215490072,0.8602,0.759404557366174
0.826,0.455731847058746,0.8602,0.853462015253712,0.6329,0.644775312669661,0.891,0.825791961420045
0.96,0.793228673138663,0.891,0.868316700134757,0.722,0.67547135126588,0.5333,0.461920622097035
0.9695,0.860835439577339,0.5333,0.507806942996292,0.7693,0.71136546745156,0.6329,0.527479069642128
0.7166,0.290139402269181,0.6329,0.576687852706676,0.8753,0.846899151149053,0.722,0.585063022868223
0.8062,0.375437331328102,0.722,0.634333141188431,0.9067,0.81754504087994,0.7693,0.679199962710842
0.8479,0.526798422239123,0.7693,0.737704141825327,0.9393,0.925907087574951,0.8753,0.802598325654845
0.9266,0.723196123443527,0.8753,0.873088925942095,0.5725,0.546872520222113,0.9067,0.877588983023895
0.9845,0.855489855938694,0.9067,0.946232698793435,0.6885,0.680519459498471,0.9393,0.92169086903615
0.9425,0.85761521472514,0.9393,0.960562125868303,0.785,0.729199516556175,0.6885,0.607590292426737
0.01702,0.0772614927576786,0.6885,0.623879819927026,0.826,0.76258334740654,0.785,0.664948093241658
0.05668,0.118996690042943,0.785,0.672685552485766,0.9265,0.891089537651631,0.826,0.752433530107977
0.5777,0.325304653997151,0.826,0.760570257160967,0.96,0.863165053964508,0.9265,0.878282764777043
0.7222,0.574337509992855,0.9265,0.894651992075571,0.8062,0.793573737788932,0.96,0.941306574049925
0.8585,0.851567959057582,0.96,0.9581101046481,0.8479,0.86110529596615,0.9695,0.970908754327605
0.2474,0.0442786813853818,0.7166,0.671720634226124,0.9266,0.933244262189365,0.7166,0.679502264487514
0.3477,0.0778188257505365,0.8062,0.713978174769358,0.9845,1,0.8062,0.742348958017685
0.3871,0.12116917644012,0.8479,0.794322454434166,0.8325,0.958347997874934,0.8479,0.838543658981639
0.5733,0.226201096818476,0.9266,0.897341651929641,0.9218,1,0.9266,0.946334055153604
0.7007,0.352165735355047,0.9845,0.952614989937189,0.01702,0.324341903792222,0.9218,0.941305160643663
0.83,0.582662896530815,0.9218,0.903499433361129,0.5777,0.619636745883078,0.9425,0.985251603966117
0.8807,0.748050291280943,0.01702,0.279991688225337,0.7222,0.744114668114625,0.01702,0.29642739418422
0.934,0.85453451427629,0.05668,0.334418308113756,0.7875,0.857107827702862,0.05668,0.337100707354685
0.3184,0.049910044383399,0.5777,0.516985941852557,0.8585,0.91688464177915,0.5777,0.523751531199254
0.4413,0.0863466464982652,0.7222,0.678233441981723,0.3477,0.322654113965337,0.7222,0.694272480925047
0.541,0.133273839498372,0.3477,0.301022571115926,0.3871,0.362955070541503,0.7875,0.798496841971928
0.6797,0.24691279034074,0.3871,0.357014781421724,0.5733,0.449361962939958,0.3477,0.307352056558246
0.7653,0.370513738058459,0.5733,0.459810382899207,0.7007,0.65020789247516,0.3871,0.349643909420576
0.8817,0.599134920841329,0.7007,0.555553138636497,0.83,0.752632563727765,0.5733,0.450744570511314
0.8983,0.758622482832417,0.83,0.702334625798198,0.934,0.922102664896291,0.7007,0.554420982330174
0.913,0.869016294509843,0.8807,0.806181628059114,0.3184,0.251647609543192,0.83,0.708848172855311
0.4888,0.0940657502846061,0.934,0.877642816083358,0.4413,0.332071981690822,0.8807,0.807431235150412
0.6157,0.149528454423245,0.3184,0.293743471251021,0.541,0.374969176825416,0.934,0.869020328388348
0.7627,0.280805673752264,0.4413,0.347618389743511,0.6797,0.478016006127582,0.3184,0.301185986566203
0.802,0.402438912153335,0.541,0.403799732102874,0.7653,0.670616848888768,0.4413,0.332802900774017
0.8873,0.615683631035116,0.6797,0.509206929218094,0.8817,0.771630389759683,0.541,0.37903845604768
0.9073,0.866515464953775,0.7653,0.599734798125337,0.8983,0.880950324009942,0.6797,0.486180090156552
0.688,0.20048140919722,0.8817,0.742506400910222,0.4888,0.336878644897459,0.7653,0.584762415873923
0.7853,0.35156087164986,0.8983,0.84165673177714,0.6157,0.394349160053025,0.8817,0.734513005933168
0.8487,0.477067309641231,0.4888,0.426331758469693,0.7627,0.524425884005501,0.8983,0.827577819035337
0.9387,0.689375851673064,0.6157,0.485839110746629,0.802,0.706745526416468,0.4888,0.37485639403875
0.9693,0.818646160680665,0.7627,0.595884993281618,0.8873,0.785546647050572,0.6157,0.429485110623707
0.9613,0.882864356770911,0.802,0.679237224627127,0.9158,0.897932003031107,0.7627,0.548608117422758
0.768,0.22866345654487,0.8873,0.806206929167609,0.9073,0.943304753080443,0.802,0.640525244025397
0.8415,0.380454201806925,0.9158,0.901349654250613,0.688,0.452087932998433,0.8873,0.775021084259793
0.9215,0.529975627679058,0.9073,0.954913987285798,0.7853,0.623470957268008,0.9158,0.864810041279818
0.965,0.723621128740567,0.7853,0.779185247163647,0.8487,0.796047801716765,0.9073,0.909746790248974
0.983,0.839433596186689,0.8487,0.842445523701569,0.9387,0.874212264682011,0.688,0.570905473466796
0.99,0.890662039051419,0.9693,0.993979395454251,0.9693,0.94048209349817,0.7853,0.693876019371934
0.7162,0.259469478332766,0.9613,1,0.9613,0.977178292351148,0.8487,0.777789352067276
0.8872,0.44645191779293,0.768,0.767789708426803,0.768,0.48495174746147,0.9387,0.896905613489013
0.9548,0.861778186349545,0.8415,0.838860453890244,0.8415,0.661577755131067,0.9693,0.956268716264996
0.9766,0.895446684554219,0.9215,0.897048889130229,0.9215,0.856228436818201,0.9613,0.975320677686182
0.882,0.511527279045428,0.965,0.965413964748098,0.965,0.914394072385053,0.768,0.641784971092148
0.9577,0.80952980368112,0.983,0.999413165980279,0.983,0.961648564378115,0.8415,0.758714377771653
0.9743,0.898435658232836,0.99,1,0.7162,0.522950618227469,0.9215,0.852554296548899
0.301,0.0522973837575491,0.7162,0.829361932870348,0.8872,0.76080175304067,0.965,0.952717931388447
0.199,0.0529203040461654,0.8872,0.884625068345786,0.9548,0.983194474724729,0.983,0.997122097193883
0.243,0.0589797946741864,0.9634,0.963694577831058,0.9766,0.97090112228631,0.8872,0.834004234979711
0.225,0.0660086146978195,0.9548,0.978223964999812,0.9275,1,0.9634,0.996732773255471
0.303,0.087365748349225,0.9275,0.914680776253182,0.9577,1,0.9548,1
0.294,0.100713752542678,0.301,0.247263197820127,0.301,0.244334893195835,0.9766,1
0.0816,0.147010452172594,0.199,0.249792428232189,0.199,0.244604147467708,0.9275,0.904230093567261
0.0902,0.149207675906919,0.243,0.256245272294542,0.243,0.248217898672136,0.9577,0.977566209750487
0.142,0.159101839762671,0.225,0.270005779046729,0.225,0.253116501405582,0.199,0.230485113000131
0.206,0.179149856056544,0.303,0.292348963999771,0.303,0.268757280724763,0.243,0.228826304691742
0.23,0.201032057688105,0.294,0.316333501588115,0.294,0.277806556602239,0.225,0.222067295214613
0.255,0.235848038435718,0.0816,0.24205704078094,0.0816,0.236900042341486,0.303,0.220713178259867
0.297,0.307245382693834,0.0902,0.245541408344473,0.0902,0.238500733671643,0.294,0.212740015441708
0.13,0.263678244040248,0.142,0.25983710447084,0.142,0.244991628489648,0.0816,0.309727235306618
0.135,0.268699381049754,0.206,0.283410320221149,0.206,0.26168899351448,0.0902,0.308856232498678
0.25,0.294390318920529,0.23,0.308497752690627,0.23,0.277842737158539,0.142,0.306201392124063
0.309,0.317440476309464,0.255,0.353771607861999,0.255,0.306221166308077,0.206,0.305907778719324
0.344,0.350487671166148,0.297,0.446214696275561,0.297,0.363465425305627,0.23,0.306051241858529
0.375,0.434849188890038,0.13,0.231093339295754,0.13,0.230563995713687,0.255,0.302034984085042
0.384,0.401165859800087,0.135,0.234750956765021,0.135,0.235000270239421,0.297,0.290707882465237
0.359,0.457689247950962,0.25,0.249387061406299,0.25,0.252555587345723,0.13,0.414266756292542
0.166,0.392319173348246,0.309,0.274180352809639,0.309,0.274665963295488,0.135,0.415522823524446
0.417,0.499558222280055,0.344,0.300440062763325,0.344,0.302310947281651,0.25,0.424621460329185
0.417,0.463923660543123,0.375,0.347592447217111,0.375,0.378745822963465,0.309,0.423969157582583
0.444,0.497294386231149,0.384,0.347862645161622,0.384,0.349146874941777,0.344,0.429566730289559
0.485,0.54823213812512,0.359,0.444527786869214,0.359,0.396249463320461,0.375,0.456204944336032
0.485,0.585880780762525,0.166,0.223315159703773,0.166,0.224338146938218,0.384,0.432147179799035
0.303,0.508473373736372,0.417,0.264343083688322,0.417,0.322690207970942,0.166,0.511089196477271
0.194,0.518999222837877,0.417,0.264545286668491,0.417,0.289483387843535,0.417,0.555326352506601
0.345,0.53166146446577,0.444,0.292132405755634,0.444,0.32226431328605,0.417,0.530854062093402
0.48,0.584029929448787,0.485,0.341611376714931,0.485,0.373378210405565,0.444,0.53386043525197
0.516,0.608149431475398,0.485,0.391668131018208,0.485,0.406653660557613,0.485,0.53338122771563
0.572,0.689744336935224,0.303,0.208159472361515,0.303,0.22131603386315,0.485,0.523581472573612
0.2,0.603627704711733,0.194,0.21150450131894,0.194,0.225869574039936,0.303,0.594741240283207
0.56,0.679354793369651,0.345,0.228034750256473,0.345,0.239386308250017,0.194,0.598893372528598
0.008,0.122035114005711,0.48,0.254609640554727,0.48,0.290570076983436,0.345,0.595473631030988
0.022,0.129352735387955,0.516,0.283547088759395,0.516,0.31836557590341,0.48,0.611666975918137
0.043,0.148539883241163,0.56,0.334969050568723,0.56,0.365150687050383,0.516,0.608015953477966
0.021,0.179375835748334,0.572,0.387185356786948,0.572,0.404256808109416,0.56,0.603399804797571
0.03,0.180982058966174,0.491,0.245007002125903,0.491,0.263346373503876,0.572,0.594037970987924
0.026,0.185939534041367,0.56,0.274600374761316,0.56,0.294792655524897,0.2,0.655144485612179
0.066,0.224791162489252,0.022,0.0115975157226171,0.008,0.025543696063019,0.491,0.654755456376769
0.18,0.419807622661028,0.03,0.0237579229578393,0.022,0.0281107663287985,0.56,0.656038652397818
0.592,0.830148817426397,0.026,0.0301277556015554,0.043,0.0366806841397369,0.022,0
0.623,0.94008963809036,0.045,0.012679138047869,0.03,0.0295795864702996,0.043,0
0.734,0.969004163902015,0.066,0.0277645318145354,0.026,0.0335912533373366,0.026,0.0363876981178386
0.1416,0.0760293214576555,0.1374,0.141033375191491,0.045,0.0418456697070271,0.045,0.037856512181102
0.1374,0.0816679120103244,0.1964,0.140633534799107,0.1416,0.146089005994044,0.1416,0.14606350130549
0.1964,0.0871992421536951,0.1966,0.140232141170749,0.1374,0.155018791074359,0.1374,0.15085956869137
0.1966,0.0915236893963977,0.0238,0.11863706188411,0.1964,0.162409080335013,0.1964,0.155682021214612
0.0238,0.0635645559117447,0.1434,0.118125282905715,0.0238,0.122636833527601,0.0238,0.128729430750619
0.1434,0.0757523107220349,0.1599,0.117569323986216,0.1434,0.138319271265194,0.1434,0.138439248282039
0.1599,0.0836571872973985,0.1817,0.117175991082455,0.1599,0.150501311456155,0.1599,0.145185071238364
0.1817,0.089965559881004,0.1818,0.116877486365174,0.1817,0.159370615798309,0.1817,0.15074370368439
0.1818,0.0939469905533345,0.00179,0.0780033713070446,0.1818,0.165245138532669,0.1818,0.154324693392863
0.00179,0.0502036779357184,0.07884,0.0775313249619372,0.00179,0.09187424971098,0.00179,0.105817062655824
0.07884,0.065958685419338,0.09425,0.0774123260295585,0.07884,0.114628086204197,0.07884,0.117055588352525
0.09425,0.0697391656494304,0.1524,0.0765009702275325,0.09425,0.120075885532861,0.09425,0.120032944736475
0.1524,0.094550969657143,0.166,0.076294416347617,0.1524,0.156385683292271,0.1524,0.141366416694775
0.166,0.100570756527544,0.1814,0.0762338880325532,0.166,0.164419121666466,0.166,0.146859777289482
0.1814,0.103597690910042,0.2041,0.0759020899438587,0.1814,0.167787418103501,0.1814,0.149645110785083
0.2041,0.113718796425607,0.01934,0.000874795051194528,0.2041,0.180567086688464,0.2041,0.159095593395847
0.01934,0.0355893914888929,0.03052,0.000968852674859968,0.01934,0.0434671898185669,0.01934,0.069272214320687
0.03052,0.0438860872840464,0.0403,0.00106065367744266,0.03052,0.0605408380200966,0.03052,0.0736300413468063
0.0403,0.0526292188218903,0.05286,0.00114981394682094,0.0403,0.077556363435387,0.0403,0.0790946430634996
0.05286,0.0624541015634454,0.06821,0.00124071018401079,0.05286,0.094907063554341,0.05286,0.0860956961182268
0.06821,0.0738612918430408,0.07472,0.00126097288149264,0.06821,0.113378105712344,0.06821,0.0951075889358688
0.07472,0.0771184787426184,0.0835,0.00127716269897358,0.07472,0.118021803204087,0.07472,0.0978154900463872
0.0835,0.0804392133498532,0.1383,0.00142973246955413,0.0835,0.12230565009562,0.0835,0.100625406576296
0.1383,0.108769374713751,0.1398,0.00146429859923041,0.1383,0.159461779816354,0.1383,0.126143310049834
0.1398,0.113512523586984,0.1463,0.00146396179582611,0.1398,0.166231954979594,0.1398,0.130596694270092
0.1463,0.114813263166372,0.1527,0.00140610671518159,0.1463,0.167295067403008,0.1463,0.131813461238333
0.1527,0.108678559807214,0.005591,0.220217615314965,0.1527,0.157401248602498,0.1527,0.126036264400979
0.005591,0.0692278047648075,0.01925,0.220013318255295,0.005591,0.125029462481717,0.005591,0.141105245349823
0.01925,0.0710688361931075,0.08278,0.219708516293016,0.01925,0.127692736042163,0.01925,0.142584849527388
0.08278,0.0747721406795096,0.169,0.219192754932658,0.08278,0.132391524743202,0.08278,0.14561253097218
0.169,0.0807086119785582,0.2237,0.218210213246475,0.169,0.13992574256131,0.169,0.150614225870901
0.2237,0.0899492182689798,0.2149,0.217322278528641,0.2237,0.152044207115523,0.2237,0.158707258227629
0.2149,0.0972292132979649,0.1744,0.216689690063527,0.2149,0.161484952651528,0.2149,0.165287929719878
0.1744,0.101699152735272,0.1566,0.21615712500992,0.1744,0.167246237044902,0.1744,0.169400651779639
0.1566,0.105901657721159,0.07584,0.214181817779752,0.1566,0.172222613891504,0.1566,0.173300646134137
0.07584,0.121520745957049,0.0316,0.211469578410274,0.07584,0.188818416802162,0.07584,0.18801776613381
0.0316,0.145797101985823,0.01823,0.210922148759685,0.0316,0.209325427295143,0.0316,0.211163594919381
0.01823,0.15071874739738,0.01407,0.209928934201033,0.01823,0.212865440026637,0.01823,0.215854252058791
0.01407,0.160359389698933,0.003794,0.210640480452733,0.01407,0.219398745630186,0.01407,0.225009764647932
0.003794,0.0585232900576049,0.05463,0.209818609386198,0.003794,0.103492523095068,0.003794,0.125596811594584
0.05463,0.0681534005529703,0.1271,0.209521076332052,0.05463,0.117685481113927,0.05463,0.132890729916553
0.1271,0.0745274534559965,0.1471,0.209125471321669,0.1271,0.125024496271454,0.1271,0.138032312127276
0.1471,0.0792438634034339,0.1509,0.208552398871886,0.1471,0.13159244369388,0.1471,0.141991751401678
0.1509,0.0849051174043074,0.169,0.208113456033889,0.1509,0.139871286598395,0.1509,0.146884982143995
0.169,0.0901606732973459,0.1981,0.207668573432667,0.169,0.146745841253151,0.169,0.15152938475326
0.1981,0.0961992006066121,0.2054,0.207269224358934,0.1981,0.15410640998344,0.1981,0.156968455549707
0.2054,0.100662343863851,0.2092,0.206321835467043,0.2054,0.159750362876942,0.2054,0.161055168046291
0.2092,0.110712613004673,0.1808,0.203056482060668,0.2092,0.172035102557361,0.2092,0.170406396835715
0.1808,0.144677767592685,0.1664,0.202544092696189,0.1808,0.206781235870601,0.1808,0.202705310838343
0.1664,0.149533985041761,0.1484,0.20192950670611,0.1664,0.210873528234607,0.1664,0.207340521804568
0.1484,0.155343723595796,0.001814,0.19116733445125,0.1484,0.215442324245003,0.1484,0.212875078615995
0.001814,0.0522883128144606,0.029,0.190934284466629,0.001814,0.0863346366380163,0.001814,0.107822401794211
0.029,0.0576066991896778,0.04716,0.190607602246697,0.029,0.0936233382221609,0.029,0.111480982824769
0.04716,0.063392177501035,0.07527,0.190281279853867,0.04716,0.102334240338702,0.04716,0.115741261263807
0.07527,0.0703239045948593,0.09433,0.189920522132664,0.07527,0.111771158828975,0.07527,0.121153846346729
0.09433,0.0770378285562199,0.1442,0.18928607705432,0.09433,0.121195706950004,0.09433,0.126676137439542
0.1442,0.0910388287641135,0.1741,0.188670982611501,0.1442,0.138954624046276,0.1442,0.138837898472713
0.1741,0.103301996643559,0.1914,0.188112431070545,0.1741,0.154326205579586,0.1741,0.150009703285716
0.1914,0.113757941984717,0.2051,0.187606886082636,0.1914,0.16704634259042,0.1914,0.159775544686365
0.2051,0.123263683870755,0.2233,0.18680977168673,0.2051,0.178038453412881,0.2051,0.168767385313025
0.2233,0.138298070295537,0.2244,0.185210560730038,0.2233,0.194344422537412,0.2233,0.183090880563059
0.2244,0.165191272736779,0.22,0.184243217520844,0.2244,0.220444888404156,0.2244,0.208674437657668
0.22,0.181224432382998,0.02362,0.15081999026292,0.22,0.233677926712537,0.22,0.223728344740399
0.02362,0.0513047105969815,0.05568,0.150724900366175,0.02362,0.0694406461454837,0.02362,0.0789075618300557
0.05568,0.0699839153730061,0.1002,0.150635770981736,0.05568,0.098165238366384,0.05568,0.0926304313550238
0.1002,0.0901208825608685,0.148,0.150538862253935,0.1002,0.124173784827466,0.1002,0.109753212721331
0.148,0.112173829231142,0.1732,0.150463657758227,0.148,0.150353597258994,0.148,0.129987227756672
0.1732,0.126977171741069,0.1843,0.150391552916602,0.1732,0.167521228678151,0.1732,0.143980286044427
0.1843,0.138333974825802,0.2062,0.150272794794414,0.1843,0.180764449584205,0.1843,0.154803353920466
0.2062,0.157553848625035,0.2294,0.150143740725282,0.2062,0.201559577609646,0.2062,0.173091666204186
0.2294,0.17801395993969,0.2313,0.150036797219442,0.2294,0.222153793858559,0.2294,0.192350880843366
